Input File is: ./Topology/paper720_corrMatrix.txt

Graph: Transmission schedule: 22 21 23 18 19 20 13 12 14 1 0 2 5 3 4 16 15 17 6 7 8 9 10 11 
Overhearing required bytes: 
49326 32039 44948 53634 37127 46822 60934 48746 50912 80617 46354 53686 72471 53947 44959 63098 47843 63797 66695 41969 51482 74757 43190 54443 
Independent required bytes: 
82712 80658 82210 71379 70535 72939 66695 68364 70406 75013 76701 79090 63535 60752 57769 67756 62992 73657 53857 52254 55505 49849 49326 50782 
Minimum required bytes: 
46354 43439 53686 45499 44959 55331 39887 41969 51482 40721 43190 54443 48746 45209 50912 47843 42884 61102 39257 37127 46822 32039 31839 42625 

Scheduling metric: Transmission Schedule: 22 21 19 18 20 13 12 23 16 15 14 17 5 3 4 2 0 1 6 7 8 9 10 11 
Overhearing required bytes: 
49326 32039 52104 39257 48475 60934 48746 50829 63088 47843 57905 73720 73011 53947 44959 82197 54135 43439 66695 41969 51482 74757 43190 54443 
Independent required bytes: 
82712 80658 82210 71379 70535 72939 66695 68364 70406 75013 76701 79090 63535 60752 57769 67756 62992 73657 53857 52254 55505 49849 49326 50782 
Minimum required bytes: 
46354 43439 53686 45499 44959 55331 39887 41969 51482 40721 43190 54443 48746 45209 50912 47843 42884 61102 39257 37127 46822 32039 31839 42625 

Largest entropy first: Transmission Schedule: 23 20 21 22 17 18 19 15 16 11 12 13 14 10 9 8 7 5 6 2 3 4 0 1 
Overhearing required bytes: 
50782 55410 49703 31839 73744 53927 37127 67836 42884 79090 63535 45209 52761 76701 40721 70173 50180 72811 66695 82232 71186 44959 82820 43439 
Independent required bytes: 
82712 80658 82210 71379 70535 72939 66695 68364 70406 75013 76701 79090 63535 60752 57769 67756 62992 73657 53857 52254 55505 49849 49326 50782 
Minimum required bytes: 
46354 43439 53686 45499 44959 55331 39887 41969 51482 40721 43190 54443 48746 45209 50912 47843 42884 61102 39257 37127 46822 32039 31839 42625 

Smallest entropy first: Transmission Schedule: 1 0 4 3 2 6 5 7 8 9 10 14 13 12 11 16 15 19 18 17 22 21 20 23 
Overhearing required bytes: 
80658 46354 70415 45499 81667 66695 72963 68364 51482 74757 43190 57769 54909 48746 79090 62992 47843 52288 39257 73774 49320 32039 55213 50812 
Independent required bytes: 
82712 80658 82210 71379 70535 72939 66695 68364 70406 75013 76701 79090 63535 60752 57769 67756 62992 73657 53857 52254 55505 49849 49326 50782 
Minimum required bytes: 
46354 43439 53686 45499 44959 55331 39887 41969 51482 40721 43190 54443 48746 45209 50912 47843 42884 61102 39257 37127 46822 32039 31839 42625 

Indepent transmission byte = 1594736
Graph: Trans byte = 1283796; Improvement ratio = 19 %
Scheduling Metric: Trans byte = 1308490; Improvement ratio = 17 %
Largest entropy first: Trans byte = 1405764; Improvement ratio = 11 %
Minimum transmission byte = 1087365 (bytes)
Maximum ratio = 31 %
