-580.000019073 -730.000019073
-575.0 -730.000019073
-200.0 -730.000019073
-204.999995232 -730.000019073
-120.000004768 -690.000009537
-123.000001907 -690.000009537
10.000000149 -740.000009537
15.000000596 -740.000009537
-800.0 -780.000019073
-802.999973297 -780.000019073
-609.999990463 -842.000007629
-609.999990463 -839.999961853
-213.000011444 -910.000038147
-215.000009537 -910.000038147
-5.00000007451 -89.9999976158
-10.000000149 -89.9999976158
-682.999992371 -100.0
-684.999990463 -100.0
-419.999980927 -267.000007629
-419.999980927 -270.000004768
-500.0 -500.0
-619.999980927 -270.000004768
-340.000009537 -359.999990463
-709.999990463 -490.000009537
-220.000004768 -370.000004768
-742.999982834 304.999995232
-742.999982834 309.999990463
-850.0 507.999992371
-850.0 509.999990463
-446.000003815 900.0
-450.0 900.0
-619.999980927 250.0
-625.0 250.0
-50.0 607.999992371
-50.0 609.999990463
-50.0 673.999977112
-50.0 669.999980927
-50.0 394.000005722
-50.0 390.000009537
-294.000005722 91.0000026226
-290.000009537 91.0000026226
-379.999995232 280.999994278
-379.999995232 284.999990463
-954.899978638 900.0
-950.0 900.0
-550.0 500.0
-240.000009537 110.000002384
-350.0 690.000009537
-150.0 80.0000011921
-750.0 300.0
300.0 77.999997139
300.0 69.9999988079
200.0 105.999994278
200.0 110.000002384
750.0 85.0000023842
750.0 80.0000011921
750.0 229.999995232
750.0 234.999990463
950.0 426.999998093
950.0 430.000019073
807.999992371 515.999984741
810.000038147 515.999984741
200.0 507.999992371
200.0 509.999990463
213.000011444 665.000009537
209.999990463 659.999990463
350.0 719.999980927
350.0 725.0
700.0 894.999980927
700.0 900.0
730.000019073 200.0
650.0 800.0
200.0 719.999980927
430.000019073 160.000002384
640.000009537 459.999990463
255.999994278 -217.000007629
255.999994278 -220.000004768
415.000009537 -250.0
419.999980927 -250.0
544.999980927 -200.0
540.000009537 -200.0
740.000009537 -210.99998951
740.999984741 -209.999990463
968.999958038 -400.0
968.999958038 -405.000019073
726.999998093 -546.000003815
730.000019073 -546.000003815
354.999995232 -580.000019073
350.0 -580.000019073
346.000003815 -815.999984741
340.000009537 -815.999984741
503.000020981 -885.000038147
500.0 -885.000038147
790.999984741 -882.999992371
790.000009537 -880.000019073
259.999990463 -120.000004768
340.000009537 -469.999980927
790.000009537 -780.000019073
40.000000596 -540.000009537
480.000019073 -609.999990463
