71284
69389
75632
79403
75390
79415
75700
77650
42251
42430
68128
68075
92038
93001
92408
88719
76706
79556
83808
84698
93018
28631
47854
61721
54349
70775
71169
81162
81061
100292
98089
79714
68643
102974
100162
78642
83448
97833
92486
90872
90553
83886
84683
68661
64066
96224
49622
53834
80662
22552
101619
103741
94868
95641
82112
78087
77521
79108
81870
82229
60768
60954
50924
49936
84246
80187
100849
99730
100150
100341
63584
63676
67972
64717
75899
74821
75905
74852
73556
62927
62317
71911
71121
46873
54009
76246
74554
62003
61825
71013
62536
33979
35814
70365
68093
71815
89552
50460
48529
46464
