76318 43638 60026 76190 76252 76293 76350 76350 76359 76333 76311 76342 76308 76278 76302 76298 76297 76238 -1 -1 -1 -1 -1 -1 76364 -1 76308 76295 76317 75889 
42947 74822 71165 74789 74846 74807 74874 74815 74845 74806 74787 74834 74806 74803 74846 74840 74852 74815 -1 -1 -1 -1 -1 -1 74867 -1 74802 74826 74835 74473 
58249 72587 74634 74572 74639 74527 74681 74651 74578 74674 74684 74697 74619 74624 74686 74683 74675 74679 -1 -1 -1 -1 -1 -1 74641 -1 74665 74572 74675 74665 
71904 71994 72057 72151 45976 65165 72142 72176 72212 72222 72231 72172 72200 72186 72230 72202 72152 72239 -1 -1 -1 -1 -1 -1 72216 -1 72186 72152 72205 72060 
71339 71438 71431 45442 71474 68124 71543 71548 71506 71563 71491 71484 71569 71554 71527 71555 71555 71562 -1 -1 -1 -1 -1 -1 71556 -1 71555 71421 71521 71472 
70525 70661 70526 62682 66869 70720 70805 70814 70748 70812 70743 70794 70813 70808 70772 70729 70768 70770 -1 -1 -1 -1 -1 -1 70816 -1 70778 70815 70830 70724 
-1 -1 -1 -1 -1 -1 67470 41276 65787 67513 67537 67534 -1 -1 -1 -1 -1 -1 -1 -1 -1 -1 -1 -1 -1 67520 67529 -1 67525 -1 
-1 -1 -1 -1 -1 -1 44307 70317 67516 70424 70431 70406 -1 -1 -1 -1 -1 -1 -1 -1 -1 -1 -1 -1 -1 70418 70334 -1 70391 -1 
-1 -1 -1 -1 -1 -1 69842 59361 72127 72199 72185 72199 -1 -1 -1 -1 -1 -1 -1 -1 -1 -1 -1 -1 -1 72192 72106 -1 72164 -1 
-1 -1 -1 -1 -1 -1 73405 73415 73403 73379 41409 72488 -1 -1 -1 -1 -1 -1 -1 -1 -1 -1 -1 -1 -1 73452 73483 -1 73413 -1 
-1 -1 -1 -1 -1 -1 74841 74847 74806 43168 74816 72855 -1 -1 -1 -1 -1 -1 -1 -1 -1 -1 -1 -1 -1 74859 74864 -1 74863 -1 
-1 -1 -1 -1 -1 -1 76125 76108 76097 74859 64212 76059 -1 -1 -1 -1 -1 -1 -1 -1 -1 -1 -1 -1 -1 76115 76097 -1 76105 -1 
64018 63969 63928 64070 64071 64059 -1 -1 -1 -1 -1 -1 63965 49524 63758 64091 64087 64109 64129 64099 64087 64017 64066 64057 63998 -1 -1 64052 -1 64075 
61083 61072 61022 61103 61140 61082 -1 -1 -1 -1 -1 -1 45093 60941 61064 61092 61075 61056 61124 61112 61135 61041 61073 61073 61155 -1 -1 61148 -1 61153 
58215 58199 58164 58228 58205 58202 -1 -1 -1 -1 -1 -1 57352 57539 58139 58205 58209 58209 58166 58228 58197 58210 58224 58201 58250 -1 -1 58245 -1 58194 
69542 69524 69585 69594 69594 69609 -1 -1 -1 -1 -1 -1 69627 69627 69593 69540 50022 66142 69615 69622 69637 69549 69615 69668 69598 -1 -1 69627 -1 69627 
64731 64715 64738 64716 64751 64825 -1 -1 -1 -1 -1 -1 64694 64701 64694 47581 64599 56684 64693 64707 64718 64755 64765 64739 64694 -1 -1 64694 -1 64700 
75115 75099 75097 75124 75109 75129 -1 -1 -1 -1 -1 -1 75146 75139 75146 70650 67712 75060 75162 75164 75146 75114 75107 75175 75103 -1 -1 75146 -1 75129 
52629 52591 -1 52556 52584 -1 -1 -1 -1 -1 -1 -1 52610 52603 52579 52595 52582 52529 52530 46364 49273 52526 52455 52509 44823 -1 -1 52596 -1 -1 
51104 51101 -1 51132 51175 -1 -1 -1 -1 -1 -1 -1 51164 51170 51128 51111 51107 51101 41631 51045 47543 51096 51071 51023 51147 -1 -1 51160 -1 -1 
-1 -1 -1 -1 -1 -1 -1 -1 -1 -1 -1 -1 54616 54674 54579 54695 54663 54664 49756 49775 54576 54558 54505 54628 54664 -1 -1 54654 -1 -1 
49537 49453 -1 49550 49543 -1 -1 -1 -1 -1 -1 -1 49555 49509 49503 49539 49534 49522 49462 49454 49272 49481 39513 46075 49495 -1 -1 49422 -1 -1 
48921 48899 -1 49063 48999 -1 -1 -1 -1 -1 -1 -1 48996 48982 49013 48975 49019 49020 48694 48848 48801 35303 48943 47239 49013 -1 -1 48894 -1 -1 
-1 -1 -1 -1 -1 -1 -1 -1 -1 -1 -1 -1 50033 49974 50073 50002 50040 50041 49879 49793 49869 47176 44416 49985 50073 -1 -1 50016 -1 -1 
55056 55069 55044 55070 55075 55077 55090 55071 55067 55090 55069 55075 55069 55059 55060 55071 55062 55073 -1 -1 -1 -1 -1 -1 71729 -1 55053 55080 55077 -1 
-1 -1 -1 -1 -1 -1 40315 40320 40310 40314 40296 40323 -1 -1 -1 -1 -1 -1 -1 -1 -1 -1 -1 -1 -1 47203 40312 -1 40313 -1 
-1 -1 -1 -1 -1 -1 42238 42233 42257 42239 42210 42226 -1 -1 -1 -1 -1 -1 -1 -1 -1 -1 -1 -1 -1 42220 60503 -1 42237 -1 
28443 28443 28443 28443 28443 28442 -1 -1 -1 -1 -1 -1 28443 28443 28444 28443 28443 28443 28446 28443 28438 28405 28452 28464 28443 -1 -1 53149 -1 28443 
41923 41923 41893 41914 41917 41920 41896 41881 41881 41941 41888 41881 -1 -1 -1 -1 -1 -1 -1 -1 -1 -1 -1 -1 -1 41893 41893 -1 54254 -1 
42046 42054 42022 42027 42065 42073 42027 42007 42020 42021 42027 42044 42025 42071 42011 42018 42024 42012 42045 42049 42025 42056 42030 42018 42029 -1 42028 42021 42016 68478
