18063 10672 13425 18080 18080 18043 18070 18079 18054 18054 18061 17940 18069 18075 18077 18057 18060 18064 -1 -1 -1 -1 -1 -1 
9846 17430 13245 17450 17456 17414 17425 17434 17428 17405 17411 17403 17423 17438 17429 17426 17421 17440 -1 -1 -1 -1 -1 -1 
13840 14437 18730 18699 18717 18666 18678 18691 18725 18725 18695 18685 18705 18701 18739 18727 18709 18720 -1 -1 -1 -1 -1 -1 
16619 16633 16611 16589 10527 12792 16599 16549 16490 16601 16626 16606 16598 16615 16616 16618 16612 16615 -1 -1 -1 -1 -1 -1 
16525 16460 16496 10464 16463 14181 16480 16460 16431 16453 16485 16458 16472 16464 16470 16453 16452 16442 -1 -1 -1 -1 -1 -1 
17121 17145 17138 13277 14469 17122 17136 17140 17041 17162 17154 17170 17154 17145 17134 17154 17161 17132 -1 -1 -1 -1 -1 -1 
-1 -1 -1 -1 -1 -1 19893 12130 15570 19872 19830 19896 -1 -1 -1 -1 -1 -1 -1 -1 -1 -1 -1 -1 
-1 -1 -1 -1 -1 -1 12031 19842 14748 19840 19800 19871 -1 -1 -1 -1 -1 -1 -1 -1 -1 -1 -1 -1 
-1 -1 -1 -1 -1 -1 15712 15105 20181 20126 20092 20176 -1 -1 -1 -1 -1 -1 -1 -1 -1 -1 -1 -1 
-1 -1 -1 -1 -1 -1 20455 20468 20513 20534 11907 17184 -1 -1 -1 -1 -1 -1 -1 -1 -1 -1 -1 -1 
-1 -1 -1 -1 -1 -1 20671 20678 20546 11923 20728 15882 -1 -1 -1 -1 -1 -1 -1 -1 -1 -1 -1 -1 
-1 -1 -1 -1 -1 -1 21095 21094 21099 17813 16104 21092 -1 -1 -1 -1 -1 -1 -1 -1 -1 -1 -1 -1 
18214 18215 18241 18230 18246 18243 -1 -1 -1 -1 -1 -1 18221 13852 17252 18241 18212 18201 18217 18241 18238 18242 18237 18250 
17858 17875 17858 17863 17854 17873 -1 -1 -1 -1 -1 -1 13637 17846 16868 17904 17874 17846 17911 17865 17897 17862 17890 17880 
17941 17943 17965 17941 17960 17955 -1 -1 -1 -1 -1 -1 16706 16988 17945 17955 17958 17957 17953 17970 17958 17951 17959 17955 
19176 19181 19166 19181 19179 19178 -1 -1 -1 -1 -1 -1 19184 19189 19179 19158 13682 17940 19183 19179 19171 19155 19122 19142 
18551 18549 18546 18537 18538 18544 -1 -1 -1 -1 -1 -1 18528 18528 18544 12703 18533 16699 18504 18547 18528 18568 18514 18534 
19897 19866 19876 19906 19896 19903 -1 -1 -1 -1 -1 -1 19911 19888 19869 18431 17496 19860 19888 19879 19862 19904 19886 19883 
15075 15034 -1 15031 15009 -1 -1 -1 -1 -1 -1 -1 15010 15066 15050 15042 15045 15051 15038 10817 13981 15016 15005 15063 
14821 14851 -1 14840 14810 -1 -1 -1 -1 -1 -1 -1 14802 14804 14798 14827 14827 14841 10833 14832 13911 14802 14806 14826 
-1 -1 -1 -1 -1 -1 -1 -1 -1 -1 -1 -1 15164 15178 15265 15238 15234 15229 14023 13947 15236 15225 15230 15235 
13697 13659 -1 13715 13706 -1 -1 -1 -1 -1 -1 -1 13718 13687 13678 13678 13694 13699 13701 13670 13692 13693 9204 12822 
13481 13432 -1 13528 13506 -1 -1 -1 -1 -1 -1 -1 13506 13502 13500 13458 13497 13489 13438 13494 13464 8930 13503 12693 
-1 -1 -1 -1 -1 -1 -1 -1 -1 -1 -1 -1 14670 14683 14652 14501 14571 14599 14678 14703 14644 13442 13189 14656
