82 5982 7934 10060 10068 10052 10083 10084 10100 10095 10083 10075 10077 10101 10103 10093 10085 10097 10114 10099 10101 10106 10111 10105 
5886 77 7580 9904 9904 9883 9915 9913 9914 9912 9916 9911 9918 9911 9914 9906 9912 9912 9915 9917 9904 9916 9924 9919 
8367 8422 81 10368 10333 10356 10345 10353 10348 10351 10361 10347 10346 10362 10371 10361 10360 10352 10333 10344 10342 10348 10347 10347 
9370 9563 9561 83 6154 7572 9563 9521 9547 9556 9566 9571 9575 9559 9576 9582 9585 9553 9569 9567 9597 9575 9587 9596 
9328 9336 9334 5996 75 7989 9342 9348 9343 9343 9341 9339 9336 9339 9346 9341 9344 9312 9333 9346 9339 9334 9341 9326 
9506 9548 9576 7534 7963 75 9581 9560 9554 9576 9589 9571 9584 9575 9573 9563 9574 9569 9590 9582 9581 9566 9571 9606 
11080 11076 11082 11089 11081 11084 75 6725 8445 11072 11062 11086 11086 11085 11102 10840 10681 11062 11071 11047 11090 11085 11087 11081 
11094 11095 11096 11091 11095 11099 6670 75 7696 11064 11097 11100 11099 11098 11101 10787 10770 11102 11052 11083 11087 11075 11093 11087 
10971 10991 10964 10965 10974 10976 8731 8024 75 10909 10960 10973 10981 11005 10975 10640 10697 10887 10908 10929 10958 10976 10971 10977 
11216 11216 11225 11214 11218 11219 11215 11217 11216 75 6981 9970 11218 11216 11214 11218 11218 11204 11213 11218 11213 11213 11214 11219 
11511 11508 11506 11505 11508 11511 11493 11512 11505 7297 75 9414 11502 11507 11507 11503 11501 11507 11502 11503 11509 11508 11498 11498 
11495 11490 11497 11492 11496 11499 11493 11490 11493 10252 9322 75 11491 11489 11492 11495 11497 11494 11494 11513 11497 11515 11498 11498 
10768 10762 10774 10767 10769 10762 10767 10767 10771 10763 10767 10759 82 8773 10404 10771 10770 10783 10756 10767 10777 10768 10761 10774 
10777 10748 10781 10758 10765 10756 10773 10768 10777 10784 10772 10777 8613 82 10467 10776 10777 10767 10762 10741 10777 10749 10779 10769 
10484 10483 10485 10479 10478 10490 10480 10478 10482 10485 10484 10476 10082 10260 75 10484 10488 10479 10494 10470 10475 10491 10483 10491 
11195 11195 11195 11209 11199 11208 10994 11038 10970 11152 11194 11181 11192 11201 11195 81 8543 10349 11195 11195 11197 11190 11192 11203 
11085 11086 11089 11087 11085 11088 10886 10877 10846 11062 11070 11080 11088 11070 11088 7984 89 10421 11088 11092 11111 11081 11084 11083 
11554 11556 11555 11543 11551 11553 11497 11489 11453 11522 11523 11541 11567 11548 11551 10641 10770 79 11551 11543 11536 11549 11553 11559 
8967 8954 8960 8950 8972 8961 8911 8943 8935 8962 8958 8961 8967 8962 8964 8961 8961 8963 79 6471 8157 8961 8956 8946 
8842 8856 8835 8846 8854 8840 8803 8827 8831 8829 8863 8840 8825 8841 8842 8827 8866 8845 6293 86 8427 8824 8818 8787 
8928 8923 8928 8921 8927 8922 8922 8884 8898 8922 8932 8927 8922 8909 8938 8933 8921 8929 8128 8305 79 8899 8923 8914 
7463 7465 7441 7455 7444 7439 7441 7460 7435 7439 7444 7444 7440 7446 7440 7452 7436 7441 7454 7432 7432 82 5223 7005 
7574 7577 7573 7565 7570 7559 7564 7565 7572 7559 7580 7567 7558 7562 7568 7571 7567 7560 7578 7549 7566 5382 75 7255 
8227 8223 8240 8216 8228 8222 8234 8237 8225 8219 8242 8245 8248 8246 8237 8219 8212 8243 8200 8216 8226 7549 7501 79 
